2296 2639
3699 4210
2108 4715
482 1500
885 1329
939 4649
2279 3711
2446 2712
1710 3180
1978 4736
1042 1319
1596 4941
95 3712
1600 2906
978 4663
3371 4636
2692 4857
3195 3614
1052 4700
74 2149
2215 3013
546 4194
395 776
1921 4479
2307 3507
603 989
921 2126
1497 4833
64 4814
1076 2687
3638 4551
4553 4585
128 467
1717 2519
1804 4171
943 4057
1774 3115
216 1500
115 921
3725 4286
504 3473
1873 4383
2613 3969
1656 4305
1210 3425
341 671
508 4054
417 3866
759 3011
1534 1632
2123 3292
808 1321
2171 2962
1768 4049
538 1200
346 4399
2687 3950
2509 3974
1341 4362
1016 2039
2369 3145
2020 2101
3452 4691
1539 4779
47 2255
2939 3014
526 754
116 1070
1516 3333
644 1246
577 759
2542 4221
2364 4972
2868 3276
1452 3585
876 4400
1400 4552
104 1762
1663 2055
30 1177
3299 3587
1097 3538
579 2763
1276 3887
1534 4285
116 2125
223 2772
2987 4793
1044 1144
526 3720
2645 4591
1115 1601
1998 3719
2867 3916
2211 2812
1328 2600
1215 2599
4022 4497
1 4152
888 1131
1332 1556
827 1626
137 4372
245 2870
1351 3342
1630 2309
1169 4207
2417 3315
326 4154
112 3195
640 4903
2608 4274
1956 4119
710 2138
4434 4739
1330 4305
1745 4975
3292 3805
251 2212
1320 2565
1230 3302
1995 4582
3148 3496
736 3470
1389 2048
4515 4920
1181 2994
2640 4687
85 3092
3832 3840
165 2001
2103 4370
2678 4823
2833 4898
2415 2944
839 4905
848 1337
2732 3129
892 1059
444 872
928 3172
2443 4406
1057 1363
30 1332
1184 3399
3009 4176
284 3932
1996 4384
853 4723
1456 2734
3006 4270
1762 2651
425 2449
17 1876
1036 2364
742 4909
2856 3223
457 2174
2750 3941
233 3820
671 1565
280 2863
362 442
1790 2929
3715 3870
677 2465
236 1519
508 2291
1841 4272
376 2479
2808 3093
3833 4445
2420 3289
2792 3238
2080 2931
187 935
3315 4103
1300 4857
1776 1814
2451 4897
1754 4599
2448 2493
1217 3688
225 4646
1816 3932
4154 4193
1347 3172
3343 4075
556 3292
1435 3917
357 3468
1461 3062
3250 4400
2578 3245
207 3528
932 3262
2352 3175
837 1195
548 4124
973 1970
595 4422
729 4084
3979 4127
317 3818
1603 1811
50 2644
1946 2168
782 2232
2000 4967
3255 4431
3662 4396
620 1821
405 493
340 917
1814 3293
1994 4123
752 4656
1855 4940
653 4074
554 2575
3992 4472
264 4450
1872 2813
4858 4998
2587 2772
4103 4391
66 2215
1889 3537
2915 4006
29 3412
4130 4852
3535 3751
886 3760
584 1187
1787 4897
4260 4593
2609 4831
2919 3947
3084 3342
2132 3211
1474 1831
928 4010
383 4614
3187 3444
588 3493
984 1777
1735 2892
529 4782
2129 3861
2153 3361
628 647
889 2792
2505 4713
2726 4342
1098 1784
1240 2376
403 2653
2075 3442
700 2686
263 4785
1994 4752
3809 4861
3261 4323
1512 4511
3760 4453
750 995
1107 3402
354 1722
2157 4505
1656 4348
1170 3039
77 1759
3480 3803
3287 4083
1229 4959
2884 4413
830 1624
3263 4820
1130 3220
50 4953
156 4553
165 2300
2299 3719
3561 3909
487 1052
1391 2193
429 4687
135 2554
301 2369
2571 2665
3498 4514
55 956
2828 4471
1292 4718
1080 4072
951 3186
2448 3208
21 3041
2821 3585
4 2642
880 971
498 2361
1701 3996
3204 3628
819 3499
353 1030
1079 2947
1352 2124
3322 4272
345 3169
501 4071
575 1732
64 2624
219 820
1603 3925
1145 4056
786 936
540 4515
998 3741
591 1624
1437 1817
319 706
1864 4612
1390 3059
1143 4368
1572 3490
4794 4943
2213 4111
2593 4717
1323 3665
1150 2161
1808 3082
549 1580
1138 3003
640 3017
982 2755
1102 3896
2957 3744
2789 4823
1293 3131
1365 2726
692 3229
2028 4936
3065 3946
4428 4778
607 3042
2428 4682
319 2647
2722 2748
35 2356
115 633
115 2065
1635 4508
2180 3629
792 2031
1604 4809
3534 3882
2565 4697
2117 2790
2439 4130
1070 3626
1893 2716
2047 3399
783 4662
1570 1591
3 389
1626 2790
1131 4959
837 3289
3891 4815
1643 4658
2590 4248
644 3757
514 1363
3165 3307
3658 4978
1954 2072
932 2289
126 2845
2067 3352
1779 2135
3260 3502
902 4510
1095 1434
1310 4469
328 975
3290 3976
966 3962
1143 2328
4705 4808
2653 3025
215 3465
2950 4456
1282 4595
1931 2966
2363 3983
840 2442
907 1982
1740 3842
1193 3114
575 4628
2770 3200
3377 4588
856 2412
1746 4698
2333 4303
1233 1687
1267 1685
1503 4297
2497 3407
3810 4899
687 2234
3065 4117
269 2816
447 2522
815 4862
952 4365
1547 2421
1793 2015
912 3738
1580 2243
1664 2350
648 2347
3435 4412
2978 3393
2880 3390
1036 3811
2100 3593
910 2238
3229 4753
2638 4347
807 2018
100 3748
2580 2684
2434 4817
2935 3015
3132 4221
2832 3098
2005 2373
1471 2073
246 2074
2019 3886
2547 2558
1796 2702
3669 4492
811 2138
138 1088
1274 1825
269 1464
2180 4147
294 3828
1502 3903
2924 3517
2546 2988
1980 2024
1741 3769
2989 4877
1234 2514
3264 3772
2289 2559
70 4254
1493 3043
244 3703
937 3962
1293 4546
193 4021
4475 4492
71 1769
472 4729
1623 1751
1615 4058
3549 3822
309 1283
2612 2806
1752 3617
3566 4057
2974 3139
3074 3873
711 737
3155 3516
531 1855
2256 3056
109 4889
918 1146
326 4179
628 1940
255 3216
593 1151
416 2896
388 1386
1245 4825
3494 3650
1967 4305
3321 4744
1994 3921
1093 3036
81 3659
2253 2676
516 3144
2003 2970
1961 3458
3126 4421
1354 1720
1122 3762
3809 4715
169 1235
228 3087
2036 2306
1197 2806
2189 4749
2005 2396
449 3052
632 2440
912 1304
3368 3676
3357 4513
2539 2911
3135 4645
795 4802
4162 4778
817 2411
4321 4728
440 3265
2619 2891
299 1546
2242 2728
1342 1809
295 3730
2895 4290
194 4974
3946 4897
2405 4642
2730 3151
2566 4565
1498 4786
4161 4807
2380 3170
2149 4141
154 1991
2291 2429
1112 1715
3566 4008
494 4314
2220 2664
2141 2181
956 1470
3465 4244
1255 1638
1850 4698
344 3086
646 4781
1025 1772
158 496
607 1452
3691 4101
1796 3384
1896 4766
395 564
431 1410
438 4885
382 3113
1181 4317
111 810
933 1451
2202 3329
444 2958
1376 4805
1549 3224
406 3298
4241 4522
2546 2675
98 3891
235 4960
752 3377
635 4656
3337 4638
1109 1701
2127 2302
79 4992
1978 2098
2388 4612
4157 4354
2720 2802
2985 3632
165 1530
3002 3501
449 987
1448 3430
2855 4771
36 1027
1914 2465
4558 4838
343 2486
3612 4896
1449 4298
970 2692
173 4688
243 4621
1982 4613
577 4246
2301 4424
2327 3485
1177 4420
568 999
80 3702
1004 3956
2147 4735
844 4097
3027 3055
2186 4959
2042 2951
1069 2721
2366 3525
2975 3850
2356 3990
1941 4919
1203 4452
1031 4390
4276 4359
3560 3979
2918 4870
1277 3307
1550 2636
427 4349
1738 4491
582 3249
1660 2061
1411 2285
3653 4315
1247 1321
2138 4257
393 3864
3312 3924
1934 2592
1650 3419
1447 2413
140 238
2 1300
486 1360
1611 4229
1953 2652
1486 2177
1364 2122
3584 4098
1258 3820
1144 3495
64 3926
1010 1827
2138 3738
2390 3474
777 4264
4224 4900
2778 4551
1863 4926
1398 2685
1669 2329
2238 2695
2859 3436
2697 4102
133 2777
781 4646
1872 4216
386 3192
1851 4880
551 2100
1137 2404
2084 4653
3230 3620
2429 4877
2309 4540
1100 1538
1435 4471
1252 1656
1624 2026
3118 4852
3089 4335
981 3173
1345 3887
1427 3203
4108 4313
1858 2830
2061 4552
570 1890
2247 3204
557 2064
2927 4883
764 3718
494 2309
2568 3886
2037 2266
1855 4598
460 3539
140 3552
2068 2589
1207 3798
643 1887
902 4214
1107 4791
2930 4375
1947 2034
1077 1140
1804 2114
4231 4305
3171 4666
699 3024
1335 4893
2009 3666
762 1998
1041 2759
1358 3823
920 3618
1339 4018
2241 2872
3561 3697
988 1564
2909 4955
1567 1939
2313 2906
95 4917
118 1193
817 3969
209 4891
4176 4343
1452 4662
441 1513
1264 1286
174 2015
357 2574
3844 4929
781 2372
210 3021
1973 3785
1345 4971
1596 3840
226 2987
507 4029
1072 2820
207 2094
2038 2333
1878 2370
2007 4647
2168 3194
1969 4320
3551 4537
3420 3447
2827 3335
1218 3880
3481 4710
1587 4209
290 1838
3851 3993
3348 4010
2710 4127
677 4080
1219 2782
1763 1879
1900 3470
4167 4400
3121 4402
2735 2783
4308 4547
1245 4244
3356 4534
2465 4082
1127 3408
1043 3422
3780 4639
3460 3823
1448 2040
1094 2085
3505 3738
59 1189
1063 2788
161 3371
3047 4593
714 2360
2467 4092
120 206
144 3331
2341 3218
127 2905
1259 2241
101 964
3117 4752
760 1604
1488 4666
849 3482
2343 3740
1603 2521
1995 3080
754 2994
437 4891
4766 4968
2200 4861
1445 4619
490 643
1941 3736
1024 2267
696 1379
3393 4837
1430 2511
903 4108
773 3150
1349 1844
1038 1457
1055 2930
354 3766
1504 3457
1478 4506
1647 2879
1490 1584
954 1488
104 4592
2974 3079
2217 4573
1829 4597
922 3817
99 4947
2587 4543
354 4698
595 1966
870 3124
3666 4049
831 4733
4246 4568
2019 4833
1237 3029
1620 3984
4183 4693
948 3745
741 2463
2047 3359
3356 4651
2972 2989
1755 4511
11 1625
1131 3013
938 3191
495 3640
599 3721
1317 1988
2654 3685
778 2725
438 1954
2011 3758
32 1244
1733 4511
165 4078
3014 4685
1467 1468
1107 1824
1803 2922
1531 3071
2951 3431
2193 3379
868 2449
1428 2196
2136 4203
104 272
2824 3357
331 2666
404 3764
280 2555
1458 2950
4443 4501
581 4607
1718 1852
4476 4524
3065 3829
424 3705
1012 2113
83 4121
1983 4221
1409 3789
119 1928
91 1186
3354 3932
1708 2064
539 1463
1943 2769
2998 3151
1974 2119
1434 4451
4432 4510
3829 4594
1070 2928
973 4161
2131 2595
3345 4621
2002 4202
1746 2807
2904 3981
3929 4099
295 4331
1375 1511
927 1652
2917 3680
2462 3789
3103 3702
2621 4942
920 4935
1723 3414
2352 4662
2197 3324
3277 4801
432 4502
2141 3562
2187 4623
349 1748
4807 4857
4460 4488
528 2671
260 3659
164 2651
287 521
1362 2117
3282 3791
376 1853
1187 4165
2101 4866
475 2141
2478 3385
151 384
3066 4205
1809 4205
1959 3617
2646 4374
2931 4492
1511 2641
1164 2123
210 3932
906 4185
909 1100
1330 3983
1199 4066
1055 1439
2369 4318
2304 2526
1751 3131
2558 4909
2717 3780
2710 4929
4167 4815
2754 3182
1825 4959
970 2389
1191 2605
2091 3806
3063 4463
1970 2417
985 3610
1364 2300
645 1293
2816 4050
1093 2732
3828 4565
4548 4981
1715 2376
1338 4193
1497 1944
1710 3825
3191 3944
801 3574
1526 4912
2899 4729
1906 4659
1068 2823
38 3384
3424 4395
3130 3288
693 1152
2113 4708
1461 2127
1154 3077
3384 4213
793 1668
1092 1263
1317 4516
1826 4450
94 2229
919 1541
2917 3535
3397 4687
1685 3705
2831 4543
838 1236
1164 4877
288 4953
2399 4190
2379 3583
197 3240
1728 4137
1573 3929
2455 3474
1087 2749
4098 4359
3275 3406
3444 4926
4019 4173
221 3405
665 3111
2478 4995
264 613
1053 4858
51 1343
2562 3962
4136 4306
1780 4344
264 1160
2753 4598
400 3524
975 4121
373 4896
1584 2414
2141 4685
411 3762
1651 1839
715 3302
3016 4636
1215 1823
1234 3388
3809 4176
2184 4377
3575 4866
2866 3506
3486 4760
840 4991
887 4189
923 993
2953 3735
2122 2552
1514 2572
1879 1943
657 4607
1470 4951
981 4601
957 3338
1445 3380
1419 2148
3615 3870
1997 4486
2007 3303
2499 2794
3169 4544
839 4383
469 3301
2628 4489
52 3435
964 1879
1290 1497
2072 2570
1515 3927
637 4312
808 3374
882 4874
394 2027
1849 3474
184 665
1015 2562
1284 4713
2223 3923
446 1881
135 2678
623 3716
826 4134
1928 4577
1878 1936
447 3732
2044 3072
2803 3146
2292 2493
1405 4973
1221 2643
1684 4059
1157 4168
2025 2648
699 3526
1894 3107
1685 2894
233 4440
2893 4678
3330 4626
1663 2084
3024 3393
681 4641
110 4454
1991 2179
1845 1922
1370 1520
399 4793
4452 4529
2457 2697
997 1670
3125 3548
973 3654
1450 1633
4587 4953
508 958
2184 2743
1880 4845
198 1503
3980 3999
1986 4065
2949 4547
1282 1619
701 4405
1457 2588
989 3595
688 1745
1652 3777
782 3938
2067 4961
331 1479
153 943
308 892
3929 4301
1933 2566
1700 4789
3976 4579
1109 2323
4419 4920
3605 4080
450 683
808 4935
7 192
382 3152
1822 2209
233 2690
3165 3268
954 3041
2550 4204
2567 2855
1694 2841
2190 3727
1250 3170
839 3601
2683 3497
1899 4533
1008 1076
639 4408
1609 4534
200 3660
166 668
3557 4283
1466 4748
1114 4495
1299 1654
411 1751
1637 3694
2539 4639
349 1635
2262 3837
2463 4444
2028 3970
461 2372
8 3038
193 2817
2359 4325
649 1618
532 4556
1280 3400
1322 4677
1488 3876
1329 3172
103 570
241 2143
642 1907
1076 3135
1434 2199
45 1300
2783 4040
1097 4274
3552 4928
1093 3978
751 4263
973 4582
1014 3176
60 1476
110 885
48 1036
1007 3065
4576 4577
29 4556
216 464
4316 4386
1236 2600
1215 4974
2427 3077
1020 3976
3712 4215
1263 3835
775 2645
2261 2434
2943 3099
590 4433
722 914
893 3868
5 1927
3358 4330
1860 1912
3678 4627
4343 4700
1195 4705
2075 3356
847 2172
3038 3430
1318 3237
1944 2929
2004 2903
99 3921
1236 2168
70 928
4072 4709
1576 2127
1484 2875
3666 4965
3212 4981
769 1036
1045 2462
2476 3703
2415 3979
1888 4710
2782 3932
4238 4412
239 1195
3409 3816
4368 4890
525 3905
3001 3189
1772 4856
729 2630
3781 4569
225 541
1240 4528
931 3985
325 2450
1269 3626
2502 2875
2665 3615
1087 1742
3466 4186
1662 4756
1032 2598
948 1295
3792 4616
4399 4498
1694 4130
2069 3950
924 2665
2348 3625
3295 3386
3230 4472
2015 3878
4480 4813
2005 4212
523 1420
305 4640
2876 3812
421 3659
3707 4055
944 1527
2907 3411
51 1942
890 3588
3974 4560
2393 3484
2269 2644
2149 3831
2724 3663
433 2677
1578 3643
4017 4973
4037 4673
687 1369
291 4183
4791 4998
2011 3408
1113 3832
68 2610
3073 4021
507 1083
4362 4739
1595 1640
70 2254
44 4381
2174 3000
2462 3616
1982 2263
2595 3521
1985 4236
3102 4634
700 3478
2118 2492
238 4783
1364 1881
4287 4335
387 1856
400 3912
1245 3020
1619 1711
2361 3937
643 1890
579 1782
4144 4560
1602 3617
1110 3802
1141 4090
740 4665
69 4966
3594 4249
2607 2801
45 4001
547 1234
1633 4735
429 1416
1743 4430
2197 3062
233 986
1871 3414
1205 1407
2959 3851
2174 3480
2720 4966
1187 1741
673 1518
175 1011
4001 4900
3767 4858
3067 3166
772 2656
954 3543
2335 4527
4159 4706
3647 3960
1273 3379
1061 4176
1848 3948
3397 4949
60 4611
1419 4968
183 3023
613 4858
2016 3174
777 1277
423 2793
1244 2052
2454 4851
129 2314
789 2566
3646 3893
2448 3277
1253 4760
3660 4315
427 2771
4830 4993
4180 4838
4036 4522
727 1844
2854 3351
1763 4329
2017 2225
1107 2503
585 1674
1019 4240
437 496
1635 3772
2370 2775
272 3597
2765 3381
237 1719
2505 2620
2481 3802
2060 3993
572 4796
50 3786
3994 3995
1029 3647
1653 3387
2634 3075
579 1887
667 2879
787 4769
932 4074
2938 4598
154 3208
1230 3397
549 2987
2066 3933
1352 3672
2060 2119
1238 1708
1163 4505
298 1365
3141 3555
744 4830
3605 4876
1058 3621
700 1956
2104 4690
1581 2547
1667 4958
1103 1617
1386 3164
1179 1293
1077 2663
70 4365
676 4342
3546 4264
2262 2325
2571 4061
539 1237
1845 3976
887 2622
2049 2817
3521 4661
739 3212
422 2607
4105 4564
375 3131
92 3944
592 623
2677 3985
1155 2532
194 2626
1666 3424
290 3009
340 2379
1497 1952
2599 3058
1355 4232
500 4478
20 1006
1699 3427
3458 4349
2030 2658
1568 2607
716 3356
466 574
220 4916
831 3918
106 1300
2155 2777
1883 1928
1875 2001
1597 1778
2936 3613
3560 4905
99 4721
1909 2939
172 2401
738 852
2598 4589
78 2527
3155 4663
2710 2780
994 4653
340 3226
3760 4765
2091 4225
1704 3049
2009 2581
263 781
585 2364
1850 2235
3563 4632
845 3714
357 3878
414 2796
1524 2958
3456 4442
2963 3682
3389 4836
2268 3365
114 3597
2341 2830
2697 2897
625 3539
2895 4885
2564 4828
677 3205
892 3139
2616 4498
2907 3913
71 326
2789 4442
718 2603
1707 1863
3055 4670
2485 3757
1133 2504
4382 4980
227 3894
2968 4427
508 1703
652 4253
296 2496
2979 3938
1534 1714
102 2838
4681 4757
456 1357
3463 4988
991 1890
3014 4834
524 3007
535 1417
800 4076
452 2071
11 2919
2084 4672
724 932
1260 3088
4218 4821
1113 3429
428 1285
579 1401
653 2621
393 688
859 1717
1949 4259
1003 4148
593 2587
327 1117
2796 3738
908 2168
171 1466
557 2994
2808 3169
78 924
3479 3896
1519 4355
1006 1584
310 1244
880 3348
1618 2899
2158 4118
1810 4497
2740 3132
320 3317
3306 4872
638 3271
2595 3267
957 2268
497 2774
3 783
72 4150
3571 4173
1728 3518
2420 2621
1892 2291
1011 3479
136 4653
1284 3129
1330 2383
2036 2605
773 3435
2894 4828
526 1225
845 4002
717 4371
628 4434
2175 3129
3893 4296
1405 3552
4758 4800
3631 3771
2276 4384
340 4077
2585 3245
368 528
1291 2580
904 3206
1717 2955
2112 2690
2693 4937
3285 4485
1082 4891
3530 4599
2281 4416
2716 3797
3903 4757
668 3670
38 802
3763 4122
1247 4780
251 4645
4267 4477
2563 4618
1936 4388
1981 2238
1086 2642
920 1028
390 2849
3086 4697
422 1707
970 4388
42 3162
649 1695
744 3042
2405 4108
117 1447
1246 2271
228 4030
1342 4086
796 1787
171 3520
966 2287
460 1107
1660 4135
3543 4031
1753 3287
1657 2605
1389 3118
1286 1924
183 408
411 3617
3783 4568
3928 4522
981 4015
1882 2030
2422 4472
2904 3473
1564 3865
102 3781
442 4761
2839 4554
210 1162
899 3065
2419 4509
2203 2798
1376 3333
680 1086
643 3442
359 479
617 3261
972 3339
1284 3001
165 461
584 786
2322 4852
1419 3496
796 4109
1312 1370
3607 4840
763 3998
2731 3802
578 2286
207 764
733 1570
1664 3388
905 1389
2335 2980
1654 3724
600 4516
759 4270
718 1051
1104 3108
420 2642
2509 2702
1390 3440
3225 3305
1076 3685
406 4765
1061 2480
286 3434
2485 4503
2194 3644
2987 3613
3341 4289
2362 4859
325 802
121 1836
2983 4552
525 1926
3587 4022
973 4673
1988 2509
572 3331
98 2621
1001 3345
987 2401
138 2694
1536 2074
1769 4757
2969 3441
1609 2046
3431 4044
868 4292
3494 3961
3839 4093
2619 4575
1070 4798
3666 3975
1193 2753
3375 4821
1176 1458
2140 3548
1820 1837
235 4704
2488 2613
77 4648
946 1274
2028 4797
1645 4733
152 2187
2146 2842
2520 3599
1114 4697
564 1355
2074 3269
917 1475
1519 2497
1463 2460
274 4776
104 2321
1643 2767
498 3810
33 974
610 4532
2151 4285
1338 4392
654 1988
84 1272
1403 3749
195 2557
4428 4890
1349 1787
2704 2962
212 4106
170 3906
277 2345
291 1663
4048 4661
1744 3002
3061 4611
1649 2822
3419 3676
2501 4275
1094 2269
672 4172
225 3672
875 2254
861 4233
330 1822
1182 3479
1574 4169
63 754
2557 3829
3055 4186
1318 4037
796 1070
724 3108
144 2315
230 2434
3607 4894
2544 3316
421 2644
1606 3592
3371 3467
2472 3352
3397 4372
2536 3694
66 3790
1094 4242
2163 3109
88 4079
1941 4035
734 974
214 2004
1070 2540
829 921
260 3683
2315 3012
2220 2590
1295 4556
2252 4373
3785 4249
694 2058
257 4308
1015 3544
2010 3549
1321 2751
439 521
2056 4594
179 4942
2400 4400
2023 2166
608 697
2786 3894
723 1337
3368 3617
3589 3999
389 1463
1924 2573
265 283
5 1716
23 4030
304 3467
65 775
2197 3935
382 4897
11 730
2663 4018
2132 3198
146 4191
1823 2841
1498 1616
1300 3233
1258 3719
3108 4970
1467 2132
1150 4067
571 4024
2339 4779
3377 4378
3421 4035
2146 3600
382 1468
183 1094
1001 2490
3232 4746
4527 4712
262 3748
4260 4704
1179 4080
2103 2798
2908 4509
2740 4245
3392 4545
2895 2903
413 850
998 3920
61 4443
578 2818
430 2947
250 4113
1426 4131
1851 1925
35 2064
2855 3489
111 3581
2174 4100
3319 4934
3700 3946
1104 4005
939 3321
3433 3583
771 873
128 4175
2349 4433
1807 3012
406 4782
997 3294
264 3574
757 2886
236 1415
101 4902
747 1447
961 1232
1644 3034
2535 3206
1651 1841
577 2956
1687 1966
3554 3822
1137 2030
1689 4514
942 2343
1524 3989
2243 4569
2956 3285
511 2460
1966 4481
3512 4946
465 2916
912 4569
3248 3484
4639 4938
1439 3377
3831 4037
2845 4120
4045 4137
436 4328
461 698
625 799
422 4909
2417 3322
2493 3624
1360 2901
1388 1727
1177 2257
1275 3453
202 3784
2144 4853
1842 4917
2177 4065
692 3997
1183 2185
2275 3957
617 3973
248 4116
939 2842
2172 2416
3970 4256
3245 4689
2672 3748
757 1867
2193 4994
2514 3764
2278 2428
1350 4007
956 2015
1237 3936
3408 4929
1555 1609
1222 1648
616 4272
1648 4041
840 2233
581 742
1201 4415
4210 4348
2284 3895
1283 3672
3591 4172
491 4329
2110 4894
2753 3173
3102 3113
1273 4728
559 3792
4204 4217
155 3294
1869 2602
1628 2941
1078 2836
2463 4996
1542 3773
2015 2697
740 1505
1395 4342
282 2545
233 1559
3557 3979
2924 4258
641 3527
3372 4061
3726 4390
2873 3599
2644 4940
1127 3799
2926 3724
1417 1612
1958 2708
1368 3472
1981 3013
1781 1941
1542 2167
1401 1804
2754 4435
3046 4302
78 1696
3886 4662
167 3618
43 2448
1168 3004
182 3861
1031 3488
244 1370
916 1024
1241 1426
892 3503
450 4892
1806 3799
638 2317
18 2341
974 3425
1001 4553
105 915
47 4193
1384 3866
1912 3918
4191 4565
2349 2492
699 795
2818 4861
257 378
2879 4921
856 3961
136 1386
292 1573
3348 4309
2346 3545
816 4447
1199 1377
1882 2701
666 4596
18 201
2464 2723
3545 4963
299 2098
240 1134
3644 3721
2518 4377
1948 4391
508 2522
4135 4337
1231 3379
3080 3178
354 2453
297 3780
2085 4866
2833 4086
1020 1511
1197 2713
3294 4031
1911 2276
2411 4714
2494 4836
1005 1444
3968 4053
679 2888
347 3876
1273 1315
1758 4658
2387 2501
640 1630
1332 4620
2177 2995
3519 4374
3175 4094
2114 2375
1903 3201
85 641
2955 3925
1301 4174
4170 4620
1553 4814
2062 3725
1749 4045
76 1612
2058 2811
4020 4244
2365 4557
15 4413
3461 3870
1757 2411
2546 4865
143 2800
99 1240
1882 4966
2036 4956
813 4028
1779 3532
2079 4716
101 3988
618 3450
1697 4780
1148 4821
3041 3360
1804 2439
828 2638
738 4407
1131 1695
935 2861
233 1289
1604 1765
1217 4518
2590 4726
1725 4731
2256 2345
1627 3948
2564 2860
404 3095
564 2934
1350 4728
1592 3789
1172 1371
2268 2415
2485 4275
1863 4094
1264 1879
211 1487
652 1061
3595 4196
506 3009
3754 3925
1692 3800
1939 2164
3993 4820
2079 2457
245 3269
106 3484
233 824
2286 4656
2615 4853
568 3280
1440 3321
1942 4745
4209 4878
322 4593
676 1571
556 4759
2363 3967
3291 3656
889 1251
835 4810
2644 4902
1465 3924
1622 3037
1654 3507
1508 4940
1923 2778
1310 1994
1030 1696
94 2547
1563 3411
3092 4854
2940 3328
28 2059
500 4038
4722 4768
486 2602
254 532
1131 4607
505 2600
3376 4265
2862 3125
518 1793
333 462
2752 2933
2192 3072
387 3164
1056 2687
904 4604
2515 3143
907 990
1950 2448
1244 4522
3070 4782
3153 3735
364 4036
136 2398
2568 3350
901 3472
1210 3108
58 4143
1668 4451
121 4127
697 1532
933 4037
947 4055
161 3581
2128 4542
3122 3587
738 1777
172 4252
1160 4694
1060 2794
541 3824
3759 3762
2362 4168
813 881
770 2806
120 2543
2916 4935
745 3468
1642 2668
357 4552
699 1705
341 1290
1524 4006
3210 4310
607 1275
810 3170
440 1966
2677 4915
1617 3438
331 753
105 4744
1279 4431
104 3842
4015 4837
326 1685
790 3613
190 4561
167 3470
1600 2316
623 1746
3309 3382
330 743
2591 4634
3668 3986
1652 3845
2190 4323
596 3992
900 3392
2675 3512
1227 4413
4174 4821
1914 2153
139 4824
1466 2881
229 560
884 4577
1853 2472
1982 4359
1235 2685
3383 4836
1819 4973
1735 2889
2822 3853
698 4819
413 1198
2156 2296
417 731
124 3827
2499 4695
1145 4117
8 3421
2441 3299
2375 4031
132 2542
45 1252
1471 4822
3872 4134
933 2347
3981 4444
1273 1702
1939 1972
1607 3903
1765 3316
3953 4865
293 764
1617 3905
1208 4458
2259 4795
116 3902
843 3364
316 3936
3004 3982
3180 4059
734 1107
4817 4904
95 4683
3177 3753
332 509
734 3190
247 2498
889 2016
1314 2791
714 2345
252 496
1424 1529
36 3722
418 4905
1429 3118
2676 4600
1611 2635
1826 3131
2401 4284
417 3554
3553 4897
4228 4238
672 1398
69 1200
1032 4264
4257 4806
1211 3862
1317 3904
1643 2852
3949 4098
395 1877
4363 4517
2070 3387
1338 4165
2280 4982
1703 2044
1047 3673
854 4774
1223 3544
2397 3954
330 3277
872 3798
330 1173
321 3842
160 2085
2226 4446
2704 4778
175 4260
852 2936
237 4409
310 1952
1090 2489
1112 3662
2561 4716
1388 3729
2169 4855
2366 4596
1506 1782
413 4029
3883 4509
1929 4464
42 2227
2595 4837
3097 4533
1400 3204
1892 3087
395 1189
272 1141
1867 2994
3931 4086
3498 4776
2866 4604
2659 3702
2840 4211
1505 1970
1141 2897
1545 3359
3497 4519
476 823
1435 1738
14 1639
1513 1676
1057 3417
1863 2602
191 4838
3773 3935
698 4340
1820 4087
206 4218
1864 2409
26 1014
3603 3840
2052 2680
126 482
1574 1909
719 2066
2968 3025
946 2126
2949 4907
743 3717
1231 2693
4408 4470
4437 4856
4714 4755
636 4188
2914 4786
3429 4591
1951 2702
1022 1954
3323 4255
2632 4765
274 3578
192 1959
4221 4398
953 3165
4238 4303
3317 3839
3704 4104
184 824
1540 2267
1175 4084
954 2621
3548 4086
244 1922
1995 3406
2079 2610
2715 4969
1216 3934
995 4834
3656 3767
2105 4114
2340 2878
443 4901
1352 1602
1106 2324
233 1344
2664 4201
4031 4755
3166 4557
679 3621
2936 3147
349 3349
3274 4213
789 1050
2354 2805
986 4317
144 2657
2132 2381
1233 2411
117 900
344 1846
2265 2822
217 2206
4611 4745
485 3475
1782 2509
2122 3774
1670 3934
1567 4663
3800 4691
620 1237
437 4778
2084 4725
1860 3010
2681 3869
2538 3135
53 1311
1987 3122
2249 4223
2364 2494
1084 4068
257 564
730 4919
1433 2281
3014 5000
1057 3330
3194 3744
1871 3232
2449 3221
414 4698
65 1450
258 3772
1549 3756
1940 2417
1313 2081
2305 2909
2088 3659
1126 3014
2763 3636
4110 4498
4056 4524
2702 3221
774 4149
1664 3071
82 2394
298 1298
720 855
2586 3970
3770 4277
2028 2552
2681 3597
580 4017
547 1896
973 1848
2500 4507
580 3479
1755 2024
806 4455
1419 2031
3356 4199
2211 4858
3673 3686
3881 4276
1859 2097
1983 2098
4755 4981
2957 3713
3080 3591
366 4745
1565 2123
373 1654
1633 2067
1265 1360
2652 2958
1164 3049
2012 3032
3138 3910
3536 3727
1205 4163
2737 3876
2984 4422
1113 2781
847 1342
1791 2442
729 3765
2777 3641
3276 4271
1418 4282
3999 4586
947 2058
201 3577
2370 4656
788 1800
3592 4241
2415 3079
1425 4195
3018 3339
2702 2811
2879 4324
3504 3661
513 3695
4202 4793
102 938
3003 3679
2869 2945
2921 3401
226 3416
2705 2785
113 2997
317 4033
1270 3811
14 3584
2274 2306
818 3347
2843 4803
1114 2070
184 502
64 2970
885 1342
620 2705
3074 4174
1396 4730
2892 3300
2643 4994
2876 4592
1688 3964
3219 4244
3379 4445
470 1578
2538 3718
658 1471
4479 4779
1208 1681
634 3411
817 2683
835 2433
801 2451
1787 3806
2532 4113
3044 3881
886 4388
1169 1480
2203 2293
467 481
397 1712
121 3445
266 2046
16 2650
792 4574
352 1177
4240 4498
1780 2249
2933 3703
2071 4430
1245 3237
596 1986
482 1185
3068 4762
3955 4204
1868 3454
3194 3544
2474 4607
1263 4061
1387 1573
4231 4975
1311 4524
220 4941
1648 4506
2552 3868
369 1437
1425 4842
1521 4702
596 1867
312 2249
1576 3334
3085 3564
1538 3428
406 2412
2125 2528
864 1537
1420 2659
87 1899
2258 2696
2106 2712
861 1897
1691 2559
1711 2765
2588 3848
496 3775
1924 3480
1212 4546
622 2121
1661 4974
884 1522
1762 2589
3782 4919
333 1707
943 4909
2114 2885
829 1804
3071 4148
1334 4715
1654 3756
793 2334
2484 3646
45 1819
4551 4627
232 3738
1189 4848
722 3413
381 2539
1462 3888
156 1626
2310 2948
495 849
1032 3334
87 957
2392 2963
140 3798
618 3784
181 2100
1449 2237
4549 4774
429 3244
129 2889
1855 2357
2763 4235
709 4503
2520 3922
3009 3881
348 3693
1815 2317
1818 3620
2220 2626
3125 3855
1030 1805
19 179
796 2851
811 1248
2430 3866
795 1495
1823 2039
1929 4338
2687 2731
805 3039
4090 4900
3205 4116
989 3845
4534 4741
2192 3941
18 1743
2916 4015
96 1462
1267 2760
540 3892
3350 3484
1255 4580
485 917
736 3877
1791 2860
1064 4265
157 2729
1061 2987
4757 4766
655 3287
224 4314
3629 4922
1575 3692
1462 2995
1239 4453
1853 3139
1025 3955
3570 4152
486 3443
260 3397
1276 4749
955 959
4615 4695
557 1533
3247 3738
3884 4723
3760 4953
1549 3444
2440 3195
2879 4731
369 2169
1054 2091
4082 4971
392 1811
53 2718
3405 4467
1273 2471
829 1529
1867 4405
702 3620
237 592
858 1276
248 3317
1877 4479
4111 4245
1512 4348
485 4269
1992 4759
896 1345
548 4418
554 4860
572 4260
2563 4680
2888 3297
801 4142
3652 3962
2254 4841
757 4486
3241 3359
889 1640
44 632
2582 3820
820 1594
1134 4724
11 3753
3838 4076
423 3606
1283 3646
1178 1201
2 3208
4123 4598
295 3217
2509 2847
3272 3393
447 2735
1497 2443
3271 3759
1725 4190
3247 3832
1258 2736
1360 2969
2673 3109
1873 3785
316 3026
2959 3814
1528 4371
2872 3447
2228 2908
2696 3467
961 1066
2378 3766
453 1342
3077 4626
1205 2540
1201 3265
2535 4042
1700 2441
948 4411
2197 3435
3657 4914
2874 4612
22 4173
63 4727
2701 4289
1880 4952
2714 3907
138 2471
3589 3934
1768 4205
709 2352
1965 4273
3511 4714
2061 3307
1685 3404
274 2380
84 4443
2878 4511
547 4045
3572 4930
2171 3837
490 4099
1005 1296
1298 4734
463 2101
78 1968
434 4881
735 3331
270 1140
1979 4997
4313 4993
2012 3205
599 4054
2707 3101
2518 3525
653 1601
813 831
2158 3531
485 2391
144 1897
572 2616
486 3455
3785 4779
510 4779
57 1963
3617 4042
952 2154
371 1850
1427 3274
455 2908
1883 4312
4031 4041
1492 3629
2206 4106
1762 4992
2802 3871
4 3910
4713 4789
1338 2679
3069 4164
855 2370
663 4914
706 4538
621 4484
3064 3456
1950 3619
3514 4516
1383 3411
696 4321
1867 4938
420 2174
991 1295
1499 1628
3786 4207
2027 4607
1213 3417
3198 3815
2561 2857
1550 2515
741 4432
53 62
1706 2163
443 4740
3793 3912
13 362
2986 4163
3128 3331
3539 4271
2189 3736
3433 4330
2791 3782
1954 4846
1489 4528
707 2224
2426 3157
623 4773
482 4274
2519 3534
3734 4544
2732 3182
825 4597
1705 3835
2226 3890
1340 1375
2706 4734
1418 2423
2646 3921
2033 3765
212 3726
3862 4023
2265 2961
2012 2778
4835 4857
4151 4479
281 3511
1928 3480
163 1418
1494 2071
902 969
3575 4156
466 1806
2596 2654
1272 3608
233 4897
142 2314
1031 1752
1434 1747
59 721
3145 4062
691 4492
249 1448
873 1681
2259 3975
1794 2052
806 3769
2411 2946
1713 3601
1246 1984
2784 4489
2429 3843
2426 3563
166 3901
396 4932
814 3948
1561 4010
720 2970
2259 2835
1901 2462
2993 3152
3390 3812
1333 4778
208 2032
2903 3991
666 690
2734 4171
1193 4179
877 2522
2495 3767
2776 3110
591 2722
1630 3228
3388 4637
2444 2966
1364 3122
2430 4816
552 2002
2813 3018
2948 4545
835 4693
1393 3244
1975 2986
379 699
1068 2884
99 1760
3376 4219
1255 2728
1073 1654
2487 3644
3102 4084
1399 2644
1257 4088
1348 3162
2741 3332
931 958
961 4176
2660 4900
191 3860
2406 4126
585 3544
783 4691
313 3006
2746 3023
1487 3700
4859 4946
1378 3158
1335 2470
878 1184
629 3854
548 1997
340 857
1391 4536
1463 4778
1461 2184
984 4226
2449 4901
1676 3825
2675 4542
659 2316
210 4631
3102 4847
438 3304
200 659
2564 3348
1624 4847
2337 3339
1097 3643
1 1303
97 4923
1542 2661
2351 2737
2861 3304
750 4336
2336 3920
2945 4187
1246 4364
2541 3461
337 3619
1793 2861
2022 2318
376 2639
4260 4285
2697 2923
4309 4867
2890 4768
2888 2911
2097 4649
3930 4001
2908 4093
290 2523
764 799
2069 2922
3189 3369
1432 3697
721 1788
3751 4837
815 2346
1489 4491
1727 2279
1600 2998
614 2069
1766 4790
1104 3951
390 1216
803 4927
1045 2366
1579 4816
355 1930
1674 3746
2298 3985
3750 4276
1163 4556
182 3389
1904 3793
1913 3586
538 4690
816 4707
1934 3321
921 3007
1154 4279
2586 3431
166 3684
2835 3509
1406 4531
2829 3576
813 2449
3628 3825
2222 3710
2964 3243
1572 2047
412 817
258 1690
662 2579
2170 2469
1544 4484
569 1581
97 566
2394 3570
1463 3640
180 862
132 1559
1432 2695
3816 4901
452 1484
3451 4719
2685 4446
1097 3439
3924 4315
915 1406
1686 1876
826 3221
2120 3691
1384 2438
1257 4744
1327 1566
1011 2018
3742 4630
3286 3298
1118 4816
4564 4629
3698 4245
2307 4482
1971 2504
2998 3011
3377 3723
1763 2077
2232 3865
2065 4851
983 1873
2020 2360
1804 2569
937 1182
12 772
507 1817
1260 4669
3634 4016
2941 4493
2295 4893
2112 3459
116 3137
1296 2283
3990 4168
2197 2648
571 4414
207 4978
1294 4951
554 1645
801 2782
2336 3959
58 2473
2862 4600
1068 2641
1615 4304
1155 1503
365 493
828 1921
1988 2921
1690 3692
3257 4488
1932 3917
791 1187
1510 4372
1281 3926
2277 4881
871 1733
1123 3440
73 3151
1795 3537
618 2570
67 2507
2114 4000
51 4726
130 1633
206 4523
1846 4850
501 4187
1546 4784
458 4286
2632 2973
1250 2909
1631 2926
1118 1571
1432 4711
521 4491
1176 1653
55 3853
549 3611
1643 4980
2110 3623
1121 4739
1272 2453
720 2516
2649 3075
1002 1765
553 741
696 4706
2766 3982
2497 3270
56 3571
3965 4567
2013 4764
945 4399
1189 2343
850 2406
182 259
1361 4862
307 3819
884 3863
451 2375
2849 4069
4348 4811
237 1426
664 4068
306 3455
1048 3763
1758 4101
1365 2135
2471 4599
2588 3635
3012 4083
984 2634
193 3007
3005 4484
1537 2432
255 1544
944 3931
1309 4806
3318 3592
1663 3586
90 1287
2035 2699
940 4957
457 1255
2487 3270
58 4259
902 2204
2627 2908
401 740
1273 3177
3221 3256
3926 4648
337 3906
1058 3193
28 2432
169 4990
2781 3667
1586 2983
1301 3257
4005 4212
3401 4366
3380 3788
2707 3447
794 2121
3345 3974
746 4055
1528 4589
3143 4418
2739 4264
3461 4894
276 3560
1129 2866
2617 3537
2278 2833
2556 4098
503 2985
2316 3179
1590 1593
1130 2239
1353 1533
4018 4990
3154 3419
2759 2791
2403 3167
55 3536
2635 4986
766 3456
3420 3438
1928 2447
1169 4820
373 4064
1368 1439
3209 4093
157 2492
1909 4450
2164 4962
450 1149
2069 2727
2049 3908
517 1455
1679 3079
793 4855
2474 3451
3898 4896
2834 4274
3029 4258
3081 4527
1024 1421
471 2761
542 3934
408 1886
2871 3892
471 1816
2056 2136
3276 4474
2219 2753
163 2502
149 4594
765 3069
1462 2459
200 1705
3308 3700
819 1825
1665 1835
1215 1748
2802 2863
1097 2625
3018 3722
854 3742
3274 4810
430 439
135 4192
299 1799
2824 3081
2143 3781
2913 4737
3875 4704
75 340
3235 4526
415 1597
1814 4318
2513 2883
1320 3416
303 3564
2144 2681
132 1137
1044 2361
3933 4485
217 1371
813 1666
1202 4311
1039 2945
1446 1909
3096 3518
660 910
2984 4120
747 3649
3771 4459
1706 3827
786 3195
154 2239
324 2684
124 3764
1033 4792
1361 3184
1125 4972
229 3776
3573 4203
3829 4572
1536 3317
688 3712
3240 3334
1420 2634
2399 3870
2495 3998
74 689
2495 3550
2281 4688
919 4806
1344 2935
538 4437
398 2295
2042 3215
2717 4219
1135 4828
1877 3057
33 846
2086 4662
4732 4911
1893 3919
85 90
982 2738
1698 4298
2244 3239
2391 3332
4679 4845
206 4264
1649 4579
2288 4774
1907 4181
698 1209
3083 3331
926 2023
3119 4559
2198 2632
2654 4939
71 4014
181 4520
902 2501
1434 3132
1303 4493
298 2190
1735 3530
2 1150
2005 2954
1596 2931
362 3702
3565 3725
545 4730
3437 4626
900 3478
912 4003
3598 4829
1587 2912
3797 4796
156 4838
4042 4913
808 4744
363 3808
1313 3126
1739 4555
1783 4343
2039 4790
857 3974
3716 4914
1457 3057
2926 3694
659 3795
705 4581
2505 4087
1117 1916
4680 4967
1514 2190
323 2137
1972 2148
732 2664
1049 2158
201 4947
1074 2616
1840 4786
3329 4225
4013 4017
4238 4707
3855 3900
695 2973
668 3795
1429 4063
1012 1532
967 4167
3811 4874
2635 2959
1297 3516
766 1022
93 2837
874 2103
151 2694
603 2078
1686 4512
2260 3611
3984 4911
34 1802
3448 4644
561 1276
1545 2847
3415 4089
1615 2671
4533 4738
609 4575
134 2853
1389 3776
887 1749
642 1110
823 4370
3016 4262
778 1075
3247 4493
1017 2543
1191 3718
1165 2692
678 4529
2536 2567
1686 3461
2671 3175
360 1067
2026 3161
3584 4280
3197 4435
3485 3973
401 4002
127 2970
1097 3046
1603 4900
507 3295
614 4107
2903 3625
1430 4101
1645 2747
1640 3514
4659 4826
355 2073
2198 2668
1533 2788
1199 1717
3450 4769
925 4744
2785 3018
1004 1834
3499 3899
620 1096
1507 2037
1214 3433
2098 4243
646 3538
1100 1118
1338 3255
4238 4799
500 1335
777 4701
2248 3614
2827 3911
2565 2996
967 3710
3797 4494
2076 3479
443 3793
1691 4995
944 4762
3894 4677
2150 3803
1942 4386
2409 4119
1930 4854
2759 4136
1033 3946
461 1965
1069 1416
1955 4779
3838 4280
873 2267
507 1332
1155 2594
3225 3244
2246 3575
1388 3733
358 3303
2761 2940
623 1388
86 130
2638 2725
941 2023
775 4638
2475 3793
3874 3946
4696 4864
1323 3577
1253 3432
1015 1021
2308 2617
2785 3121
1519 4886
662 2697
1302 3686
1737 2516
3256 4133
2583 3921
497 1979
631 1724
4476 4826
546 4382
477 1408
1268 4923
1082 4384
581 2820
161 3683
1898 3533
3995 4550
3820 4843
2566 3821
1035 2088
1492 4391
3052 4213
888 3791
131 529
869 4811
3346 4933
2742 4690
2642 2805
606 2614
1525 2001
498 3186
301 2261
3529 3921
1044 1832
3217 4591
839 2323
3175 4484
883 4684
1495 3922
1912 4864
2781 3196
2112 2436
1539 3916
995 2859
1574 3474
498 3290
1196 4373
1877 3258
152 199
2018 4369
42 2569
1646 1839
4701 4756
704 3124
3353 4028
238 609
4339 4637
2688 4846
3133 3813
1139 1320
2021 2583
2850 4662
897 1312
177 1104
633 4191
1349 4609
3994 4001
781 3234
173 1628
1162 1673
2237 2324
143 1484
3355 4167
3063 3706
1271 4923
3319 4690
227 1734
1178 3642
1206 1587
1115 2407
1222 3610
1316 3412
1048 1232
317 1761
1688 2530
3379 3440
88 4291
1868 2375
4230 4304
663 1613
1960 4750
391 2801
381 2187
2797 2900
2072 2326
1105 2206
1654 2477
1492 3779
1047 1836
1575 1993
1983 2593
90 1768
3064 3091
1583 3604
2541 4525
215 2499
1347 2043
3378 4320
2142 3874
476 2656
534 2784
3177 4349
2444 3577
2144 2560
841 1918
501 4744
1207 1902
861 3889
1482 3461
4277 4365
2201 3609
711 1653
239 4268
1814 2404
1345 1425
3217 3481
713 2714
253 4195
843 3601
1937 2896
310 481
3141 4815
3520 4128
1479 1596
2374 2924
1249 1644
1922 4692
579 4092
712 1368
3186 4767
1813 2003
136 788
3537 4586
1780 3898
1915 2384
1432 4114
645 2912
3253 4496
3879 4932
1183 1196
1057 1444
1428 1515
1920 4617
768 3119
1290 4073
356 2167
329 4189
1945 4492
1734 2915
1428 4400
87 2118
275 393
2029 4816
1336 4458
1918 2852
1354 4984
1658 1862
234 4845
3017 4462
1125 4571
1734 3627
326 2273
2166 3650
2252 4203
3755 4129
1005 2252
2084 3895
2337 3964
2183 3897
184 4920
468 3049
2205 4248
332 3238
2183 2194
1453 2190
250 3911
2017 3582
3590 3677
2354 3140
1172 2165
1037 3676
136 450
728 1737
3911 4583
3176 4252
649 3907
1865 4448
670 4282
1548 3672
192 3958
2473 3785
718 2791
2380 3414
2686 4939
3833 4295
4134 4911
1016 2724
1356 2381
3540 4768
345 4969
2386 3476
1272 3792
2102 2650
3469 3682
3142 4495
2008 4371
1432 2365
3573 4459
1859 4678
3960 4390
534 2178
2852 3686
1529 1960
2414 4299
4734 4787
300 595
891 1689
1208 3572
492 4736
3577 3609
1724 3405
3192 3952
3266 4166
1634 3163
327 639
4251 4986
2719 3221
1327 4864
1941 4583
1116 3023
906 3373
306 1158
1713 1720
2131 4618
1547 3828
941 980
1903 2557
833 3586
1098 2851
2456 3554
1920 4379
457 2698
209 4723
2062 3012
318 421
1197 1595
851 3097
3050 3923
103 1598
27 4584
2537 4192
2924 3923
277 4562
2635 3245
986 2631
2096 3294
238 3639
1852 2773
1794 2359
2764 4426
725 3561
138 1591
4359 4595
1034 4992
2092 4143
340 2176
3050 4699
113 4281
3988 4146
3641 4820
797 3339
1014 2548
1211 2689
1949 4125
2942 4174
1622 4725
2385 4878
1852 4031
4613 4931
2138 4247
1724 4487
1362 2134
188 4316
848 2587
4222 4373
230 1049
652 2170
24 1232
334 3777
3607 3865
1093 3252
1854 3088
2005 4777
544 1433
1447 4527
639 4063
1908 4395
1977 4711
1854 2663
2943 3098
398 3595
4676 4709
990 4679
612 3727
906 3098
1346 2593
1490 4493
923 4263
1203 1893
1040 1624
664 3059
1022 4047
1948 4288
2718 4831
662 1543
2259 2633
683 2691
3053 3552
3090 4042
2697 3346
1121 1423
1125 1947
3387 4862
1576 1926
2447 4977
734 1042
2107 2824
1410 1501
1285 4708
39 2695
1489 4234
757 4034
4719 4839
2650 3258
1624 1835
1256 2924
1624 2207
1975 2282
743 2711
594 4954
610 4481
794 4256
2732 3796
302 1271
719 4887
1483 1650
2417 2604
2356 3378
1586 3808
1683 4501
167 2779
3706 4588
159 2241
1659 3493
930 4395
1693 2311
1288 4065
1812 4908
1172 3965
1261 2694
2454 2798
1454 1937
1291 3532
1595 1682
3596 4241
247 1175
370 1306
3159 4774
1241 1443
473 2281
1775 5000
1077 4537
2338 4442
535 2746
49 899
3082 4306
1792 3764
3267 4997
2219 4979
4105 4243
1133 2932
2990 3903
1161 4271
1593 3253
3852 4848
932 1190
1278 3028
1929 4491
241 3739
5 3961
803 3961
208 3932
34 1994
3313 4933
1414 3354
6 3470
173 536
1331 3669
1726 3542
594 3085
4573 4615
1002 2581
374 1190
1508 2160
3102 4115
1473 4789
3860 4129
2492 2513
2482 4103
2962 3288
2824 3051
3596 4983
3291 3564
479 4808
2271 3645
296 3053
533 1905
2000 3311
1107 1372
1770 2931
638 862
2353 2490
2124 4293
263 976
37 2574
3212 3327
1999 3887
1086 3367
2403 2729
1574 2277
3002 3865
3681 3835
106 3966
3412 4351
268 2343
222 1253
1248 2116
4541 4847
285 4154
3782 4722
713 4267
675 4556
106 4945
503 1213
1167 4558
2662 4731
3798 4424
249 4033
556 4334
2534 4232
13 1454
1231 4976
3583 4985
250 2804
3270 3533
337 345
2535 4775
2507 4854
463 4884
271 3875
2732 4478
2917 3661
874 4490
4380 4852
726 2399
1659 3954
2910 4926
1275 2218
821 4581
2216 4951
2651 2831
3170 3862
1146 3042
2577 4247
1667 3205
3440 3486
1730 3166
2631 2976
3058 4597
697 4720
1489 2491
1565 3301
2890 2963
536 779
2246 2900
938 3579
2956 4844
12 1905
1709 3408
401 722
674 3411
273 1202
1437 4281
880 1569
2394 2618
186 220
748 1109
2840 3464
588 3106
773 4060
2877 4907
1366 1538
3785 4538
1506 1729
348 1234
1491 4280
1046 4575
25 1458
753 3033
204 3034
1394 4313
22 3380
2321 3630
1013 2546
1133 2475
1339 2682
3115 3374
125 2007
1761 3520
2945 3394
2387 4403
1517 2107
240 3904
2392 4670
296 3104
1436 3240
651 4833
1329 2466
3123 4940
3298 4555
2181 3556
1459 1833
4619 4825
873 1029
1174 2839
909 2270
3519 4358
3430 4521
2419 3098
474 4230
842 2817
2468 4397
302 3692
179 3606
1754 4457
2913 4987
2017 2160
531 4075
3514 4197
4026 4734
567 1068
566 934
1296 3704
2096 4178
586 3183
116 4657
4633 4831
183 1043
3823 4683
2490 4671
816 4655
40 3979
4164 4241
3728 4836
2081 4931
323 4070
3857 3894
1590 3706
2819 4558
3515 4823
409 2375
1214 1292
921 1411
3025 3595
204 3416
1383 4571
2139 2911
3985 4227
1072 4606
13 517
2989 3841
3834 4591
629 800
45 3306
1616 3664
205 866
142 1833
1712 4143
1267 1797
143 1523
1253 4908
2378 4150
73 4278
2034 2264
1168 4907
1594 2128
283 3626
1344 1392
2182 3116
382 1655
3164 3819
3530 4376
4504 4534
283 342
742 2275
3995 4654
4621 4625
4212 4675
1742 4552
1054 4570
3593 4350
428 2221
2918 4081
361 2845
692 4197
851 1194
52 756
1300 3457
1560 4227
150 172
380 2399
106 4566
1192 2912
2922 4805
1671 2722
2113 2469
3410 3734
817 4149
1507 1648
684 2393
768 3423
3736 4417
3220 3423
2517 4739
1138 2232
1847 1953
758 1778
1023 1075
1660 3500
2050 3475
605 2039
775 4184
3840 4676
1103 1786
1588 2259
2435 4034
2242 2758
1844 2584
1477 4198
93 3162
2422 3266
2324 2797
3664 3941
687 2826
2652 3986
1367 2505
2336 3924
1170 1976
3162 3434
565 2441
107 1824
196 847
804 4287
1956 3794
1160 3405
3144 3374
816 4322
3019 3090
4466 4602
2195 3543
44 3987
1381 2420
4406 4743
1834 2815
1099 3092
1337 2244
2051 3887
3133 4074
730 4879
185 4077
15 785
2290 4768
50 2927
1482 4964
3078 4709
1262 2503
2200 2510
746 1721
3324 4584
1214 3567
1014 4266
3626 4009
4194 4526
289 1175
4246 4774
91 2069
1882 3448
336 2543
228 3336
61 1526
340 751
1704 3801
130 1385
119 2095
2312 4680
2811 2925
805 2482
3402 4643
3752 3824
390 2367
2309 3915
809 1159
1900 3735
2064 4053
2054 3267
3199 4264
4004 4105
3739 4220
1663 4882
2792 3655
1369 2015
1026 1576
2815 3666
1748 3743
2371 3449
714 2111
686 1784
1197 4468
488 3790
10 4804
1841 4423
2918 4531
1808 4943
161 2606
3035 3443
3342 4897
448 4105
640 3631
2633 3418
2723 4512
1862 4688
2981 4628
843 2231
2330 3151
2182 2534
943 1938
836 1523
659 960
2137 2324
4520 4980
1441 4603
1831 3422
2053 3702
3826 4709
2630 4849
2079 2424
737 1218
1166 2924
2089 4256
1266 1508
1973 4832
515 4029
350 4700
1614 2699
1743 4703
2840 3504
9 1037
319 480
632 2191
821 1311
1958 2968
3124 3430
1487 1865
2647 4622
1043 3296
3344 4984
2314 4011
709 1091
454 4137
1059 1537
2615 3523
2407 4763
2526 4274
459 3956
2101 4345
2831 3192
1821 3858
598 3208
2048 2500
949 1580
333 2992
3882 4319
611 897
2156 3236
1403 4684
1914 2776
2363 3749
3476 4669
958 3859
514 661
1089 2651
3554 4261
1464 4775
1834 4393
1958 2611
2524 4474
2076 3094
619 4965
748 3648
168 3120
530 3675
715 2667
2384 3907
47 213
700 2425
2095 3879
571 3092
3462 3901
1416 2844
3107 3291
1594 3568
309 558
2445 2797
1278 2643
2512 4349
979 3465
648 4346
1299 2745
1264 2913
1671 4563
448 2597
1132 2573
1188 2655
681 1518
961 3031
2867 3284
2515 4624
2828 4871
1010 4427
2922 3323
483 3099
477 2672
1412 2058
1851 4694
2563 2848
2576 4082
3563 4904
3867 4224
2884 4439
2545 3367
1180 4817
1068 2109
1552 2819
2851 3303
2479 4561
2110 3633
2173 4504
2911 3576
1196 3415
982 4066
929 3013
426 3596
3309 3507
209 1000
2578 2882
1202 3273
1220 2551
3134 4288
784 4786
2982 3555
2770 4426
1629 4000
1107 2145
83 4842
3168 4039
1649 3105
2530 3602
418 2083
86 4208
568 1089
481 1874
3214 4718
1431 2703
2402 2454
474 576
3580 4735
1407 4869
2319 4728
3391 4728
294 1558
1216 3696
383 2457
513 2719
2159 3201
3927 4730
4024 4300
1438 1726
407 3781
3043 4689
481 1142
1521 3815
2210 2218
121 2898
2977 4432
636 3411
1750 4124
365 3293
1040 2045
1563 4664
1400 1636
122 2845
2483 3623
2865 4470
1564 3426
940 3570
261 3279
2500 4829
685 1121
1374 2477
1412 3477
46 1251
1397 4983
193 996
3160 4562
3008 3583
2329 2944
1622 2458
2087 2260
587 2868
1312 4046
223 3850
736 3708
2536 3487
402 1321
548 3493
2529 2683
3357 3963
54 1583
1022 4112
1909 2250
1789 3238
4637 4742
1188 1596
1223 1919
48 4095
1519 1557
693 4513
3590 3703
2612 3281
1094 1756
445 3305
2044 2839
375 2965
258 4328
1548 2022
2106 3532
4402 4988
1791 3363
3462 4294
4097 4613
1626 4449
1583 4511
1254 3736
189 1829
2294 4752
1174 3227
2295 3737
1496 3029
1007 4617
1807 2937
349 2551
818 3861
1242 4090
4267 4389
2480 4441
573 4511
1504 4012
3377 4788
4416 4888
923 4635
1673 1731
630 4589
907 1870
252 3709
102 3637
456 3597
4026 4397
399 4499
2301 4754
2719 3283
1764 3659
3325 4131
1821 3273
600 1608
1081 1290
43 2601
279 301
2152 4631
758 2139
1828 3711
1020 3885
2799 4432
1642 4287
3179 4868
2981 4069
205 4244
362 582
192 4480
2341 2733
4190 4361
959 2139
203 4690
2762 4389
162 828
1869 4363
41 4999
1338 2208
348 2699
527 4707
315 2537
574 2628
231 2245
357 4079
2768 4001
2230 4579
1782 4895
3030 4040
2486 3058
1494 3340
3830 4084
1306 4354
3414 3945
899 1128
176 2812
1155 3588
3490 4043
41 4028
1773 3285
1217 4609
984 1843
168 4703
145 1267
3112 4547
1543 4138
450 2991
2054 3541
1168 1469
156 1891
794 3222
2811 3260
2709 4564
169 2041
2703 3153
3513 3770
1675 4513
1501 1651
3045 3569
2463 4401
626 1190
968 1839
134 3394
2637 4870
499 3945
338 4662
1129 1402
139 963
141 1247
1634 4160
3454 4989
4310 4399
2629 3164
302 3558
962 3320
2134 2999
1416 4770
2566 3471
1085 4387
242 1174
2219 2964
111 4465
2192 2344
31 2122
3251 4255
1883 3279
1408 3745
3075 3787
1884 1904
1838 2553
709 1062
261 4925
1279 2371
1111 3432
2669 3830
3163 4681
1798 4813
1067 1694
707 1922
986 1359
123 4595
4436 4535
2068 4668
1635 2810
3843 4924
710 3942
2408 2474
372 1058
1120 3749
222 3547
4367 4382
147 4837
3731 4323
3234 4327
1171 4699
2623 3989
1841 2272
562 3431
2461 4971
3927 4237
1196 4824
879 1420
2698 4027
2303 4205
2257 3483
2809 3873
2902 4162
1605 4534
3510 4428
3370 3807
1243 2957
3040 4662
10 534
462 1307
950 1627
1710 2133
389 4906
1917 3404
894 2662
890 1382
4225 4438
1442 3051
3522 4664
1902 1962
1509 4514
1108 4536
128 489
1095 2251
2525 4303
3188 3704
4016 4997
2508 4129
2616 4085
1078 4681
522 2277
58 305
1153 3162
604 2707
681 3975
117 2377
2920 3078
181 2395
767 1518
2052 2331
2602 4425
555 4691
728 1693
1831 3396
3398 3496
1147 2399
2712 3351
2039 4200
1641 2828
540 3701
1585 3976
3914 4325
757 3146
913 1798
2829 3181
181 3326
1340 4206
36 2115
1610 1933
1589 1733
4385 4412
4507 4686
2282 2382
749 1540
2653 3202
977 3121
419 2868
1156 1413
4334 4764
2381 2506
2348 4155
2521 2795
2814 3908
760 2245
3496 4132
1642 2130
3316 4608
2162 2766
597 1514
2751 4461
46 3076
880 3362
1565 3403
11 3747
832 1352
842 4356
2414 4473
1485 2129
2014 2528
1707 4812
2768 3156
478 2793
2358 2991
658 1159
994 2188
1339 4153
922 3221
393 4250
664 4652
2846 4378
3621 4910
1990 3143
721 1413
3060 3101
1009 1419
3761 4111
3278 3577
347 1599
1228 4056
4064 4667
3949 4182
777 3185
1895 2440
1424 4360
968 1373
103 537
3213 4800
306 669
1954 2368
2987 3213
3243 3690
2915 4307
2971 3036
2531 2533
1092 3977
391 682
1119 4626
1986 3314
624 4919
377 2831
181 339
1427 1699
3756 4198
473 1771
4333 4392
89 3516
1736 2283
211 2355
4357 4793
1224 2372
3964 4341
2787 2922
962 3194
210 4352
313 4747
234 1136
589 3576
1677 2738
598 1204
1343 4502
2689 3259
1957 2465
2093 4090
1729 3149
377 4387
4429 4647
1438 2786
154 3687
867 2979
2023 3943
212 2744
900 3675
1565 2700
3972 4858
2516 4605
3674 3687
3696 4039
547 1672
1324 1653
3768 4030
1577 2403
1309 4535
2757 4083
1910 4585
2975 4326
601 1007
1830 4907
2367 3807
318 1621
256 4991
2214 4795
1551 2416
508 1325
484 2456
1801 4201
2298 4827
3168 4950
1278 2410
2212 4158
543 1171
3327 4590
821 4332
1582 4249
2410 3569
57 737
2652 3651
1535 3178
1562 1885
2418 4322
1613 2858
520 2960
956 3492
1554 1924
2756 4775
911 1798
520 4421
586 938
400 4236
838 2843
351 3651
1942 4610
9 615
895 2983
888 3971
367 1296
1846 3100
2770 3170
650 3987
1806 4157
1669 3366
627 4230
587 1562
470 3778
2857 4096
860 3700
2533 4770
812 2696
2942 4353
3022 3579
1633 3242
3681 3689
2826 4982
2201 2967
385 1117
2452 2845
1171 4650
1472 3267
2662 4500
1090 4601
1101 2969
1261 2856
631 4944
525 3395
148 1232
1018 1612
3254 4822
1767 3050
3724 4530
1008 4875
1193 2674
1986 3836
1071 2039
862 2240
267 2853
3310 3619
278 1575
2057 3992
1989 3362
1898 3207
51 3847
822 3143
894 4051
311 374
2693 4239
2644 3559
519 2692
1124 2473
1866 3254
1823 4052
3265 3491
3173 4578
1422 3077
61 1308
3592 3622
65 1678
178 575
120 2006
1861 3567
3487 3940
1454 4818
1998 2236
780 1263
4140 4296
2082 4197
410 1631
1226 3485
2063 4996
3492 4751
563 2687
2491 3508
284 4873
883 2431
435 4547
3030 3048
878 2864
514 3158
1603 3446
2442 4889
4394 4752
2099 4558
3671 4404
550 2549
992 2573
2202 4948
1295 1441
602 2254
1503 3400
1857 4257
1609 2614
65 1460
227 2825
483 3804
3231 4832
561 2090
1680 2046
798 3622
952 1785
2532 4025
335 3016
2297 4843
898 3629
4404 4748
4246 4539
1326 1891
2320 4961
2437 2588
1305 4205
1597 2332
3127 4636
479 3846
1964 3946
720 4660
204 4139
4314 4410
2044 4466
965 2159
2264 3054
108 681
147 4091
380 761
703 2436
297 4032
3939 4192
656 805
583 797
3329 3856
885 2549
1065 4509
2677 4674
903 2342
218 2032
3239 3849
12 2670
2008 4483
156 755
1852 4177
865 1911
951 1935
314 855
3136 3921
863 3237
708 3308
1481 3644
512 3887
1404 1781
587 3246
3653 4145
2197 4772
1711 2887
718 4918
834 2771
2952 4207
1052 4863
157 1380
3739.37
